┏---------------------------------------------------------------------------------------------------┒
| yenchmark              | Naive                  | Naive D&C              | Shtrassen              |
|---------------------------------------------------------------------------------------------------|
| 1                      | 9.059906005859375e-06  | 1.6450881958007812e-05 | 2.1457672119140625e-06 |
| 2                      | 6.198883056640625e-06  | 1.6689300537109375e-06 | 9.5367431640625e-07    |
| 4                      | 1.9311904907226562e-05 | 2.86102294921875e-05   | 2.288818359375e-05     |
| 8                      | 0.0001232624053955078  | 9.1552734375e-05       | 0.00013256072998046875 |
| 16                     | 0.0009305477142333984  | 0.0006000995635986328  | 0.0008306503295898438  |
| 32                     | 0.008109092712402344   | 0.005019664764404297   | 0.006883144378662109   |
| 64                     | 0.06400251388549805    | 0.046965599060058594   | 0.04896712303161621    |
| 128                    | 0.5791540145874023     | 0.541001558303833      | 0.405470609664917      |
| 256                    | 4.515275955200195      | 3.284632921218872      | 2.659719705581665      |
| 512                    | 40.94602942466736      | 28.234220266342163     | 19.655051708221436     |
| 1024                   | 326.23786211013794     | 215.04133486747742     | 131.76450777053833     |
┖---------------------------------------------------------------------------------------------------┛

┏---------------------------------------------------------------------------------------------------┒
| yenchmark              | Naive                  | Naive D&C              | Shtrassen              |
|---------------------------------------------------------------------------------------------------|
| 1                      | 6.198883056640625e-06  | 5.9604644775390625e-06 | 1.1920928955078125e-06 |
| 2                      | 6.67572021484375e-06   | 2.384185791015625e-06  | 7.152557373046875e-07  |
| 4                      | 2.6464462280273438e-05 | 3.361701965332031e-05  | 2.47955322265625e-05   |
| 8                      | 0.00011515617370605469 | 0.00011801719665527344 | 0.0001456737518310547  |
| 16                     | 0.0007901191711425781  | 0.0006816387176513672  | 0.001039266586303711   |
| 32                     | 0.008886337280273438   | 0.005986213684082031   | 0.006036520004272461   |
| 64                     | 0.05588102340698242    | 0.05090069770812988    | 0.04637312889099121    |
| 128                    | 0.46238207817077637    | 0.39801454544067383    | 0.3692770004272461     |
| 256                    | 4.166543960571289      | 3.6723649501800537     | 2.876535415649414      |
| 512                    | 32.865108489990234     | 27.128085613250732     | 18.272209644317627     |
| 1024                   | 290.8902151584625      | 222.67498421669006     | 132.3310899734497      |
┖---------------------------------------------------------------------------------------------------┛
